Processors  AvgQueueSize   MaxQueueLength   AvgJobWaitTime      TotalProcessingTime   TotalIdleTime  
----------  ------------   --------------   ------------------  -------------------   ------------   
1           2316.26        4642             1340.18             9991                  4              
2           1501.68        2998             2862.14             19972                 17             
3           479.64         958              1820.87             29953                 37             
4           1.03           11               2975.45             34692                 5300           
5           0.08           4                4616.78             34692                 15300          
6           0.01           2                4971.55             34692                 25301          
7           0.00           1                5012.01             34692                 35302          
8           0.00           0                5014.50             34692                 45303          
